1111111111111111111111111111111111111111111111111111111111111111111111111111111111111111111111111111
1111111111111111111111111111111111111111111111111111111111111111111111111111111111111111111111111111
1111111111111111111111111111111111111111100000000111111111111111111111111111111111111111111111111111
1111111111111111111111111111111111111000000000000000011111111111111111111111111111111111111111111111
1111111111111111111111111111111111000000011111111100000011111111111111111111111111111111111111111111
1111111111111111111111111111111100000011111111111111110000111111111111111111111111111111111111111111
1111111111111111111111111111110000011111111111111111111100001111111111111111111111111111111111111111
1111111111111111111111111111100001111111111111111111111111000111111111111111111111111111111111111111
1111100000000000000000000000000001111111111111111111111111100001111111111111111111111111111111111111
1111000000000000000000000000000000111111111111111111111111111000000000000000000000000000000000001111
1111100000000000000000000000000011111111111111111111111111111100000000000000000000000000000000001111
1111100000000000000000000000000111111111111111111111111111111110000000000000000000000000000000001111
1111100000000000000000000000011111110001111111111111111111111110000000000000000000000000000000011111
1111100000000000000000000000011000000000000111111111111111111111000000000000000000000000000000011111
1111100000000000000000000000000000000000000001111111111111111111100000000000000000000000000000011111
1111100000000000000000000000000000000000000000111111111111111111100000000000000000000000000000011111
1111100000000000000000000000000111000001100001111111111111111111110000000000000000000000000000011111
1111110000000000000000000000001100001111111111111111111111111111110000000000000000000000000000011111
1111110000000000000000000000111000111111111111111111111111111111110000000000000000000000000000011111
1111110000000000000000000001111000111111111111111111111111111111111000000000000000000000000000111111
1111110000000000000000000011110001111111111111111111111111111101111000000000000000000000000000111111
1111110000000000000000001111110001111111111111111111111111111110111000000000000000000000000000111111
1111110000000000000000111111100011111111111111111111111111111110111000000000000000000000000000111111
1111110000000000000000111111100011111111111111111111111111111110011100000000000000000000000000111111
1111110000000000000000111111000011111111111111111111111111111110001100000000000000000000000000111111
1111111000000000000000011110000111111111111111111111111111111111001100000000000000000000000000111111
1111111000000000000000011110000111111111111111111111111111111111000100000000000000000000000001111111
1111111000000000000000011100000111111111111111111111111111111111100000000000000000000000000001111111
1111111000000000000000011100000111111111111111111111111111111111100000000000000000000000000001111111
1111111000000000000000011100000111111111111111111111111111111111110000000000000000000000000001111111
1111111000000000000000011100000111111111111111111111111111110000000000000000000000000000000001111111
1111111000000000000000011100001111111111111111111111100000000000000000000000000000000000000001111111
1111111000000000000000001100001111111111111111111110000000011011010000000000000000000000000001111111
1111111100000000000000001100001000000000000111111000000010001000110011000000000000000000000011111111
1111111100000000000000001100000000000000000000000000001101100001111011000000000000000000000011111111
1111111100000000000000001100000000000110000000000000000000000001111011000000000000000000000011111111
1111111100000000000000000000110110001100000000111000000001100001111011000000000000000000000011111111
1111111100000000000000000000000100110000000001111001111111111001111111000000000000000000000011111111
1111111100000000000000000110000000000000010001111101111111111101111111000000000000000000000011111111
1111111100000000000000000110000000001111110000111111111111111001111111000000000000000000000011111111
1111111110000000000000000010000010011111111100111111111111110011111110000000000000000000000111111111
1111111110000000000000000001000111111111111000111111111111111111111110000000000000000000000111111111
1111111110000000000000000000000011111111111001111111111111111111111110000000000000000000000111111111
1111111110000000000000000000000001111111110001111111110111111111111100000000000000000000000111111111
1111111110000000000000000000000000011111100101111111110001111111111100000000000000000000000111111111
1111111110000000000000000000000001011111100100111111100000111111111100000000000000000000000111111111
1111111110000000000000000000000001111111000100011111001000011111110000000000000000000000000111111111
1111111110000000000000000000000000111110000000000000011110000111110000000000000000000000001111111111
1111111111000000000000000000000000011100000000000001111110000011110000000000000000000000001111111111
1111111111000000000000000000000000000000000011100011111111100011110000000000000000000000001111111111
1111111111000000000000000000000000000000000111111111111111110011110000000000000000000000001111111111
1111111111000000000000000000000000000000001111111111100000000011110000000000000000000000001111111111
1111111111000000000000000000000000001100011111000000000000000011110000000000000000000000001111111111
1111111111000000000000000000000000001100000000000000000000000011110000000000000000000000001111111111
1111111111000000000000000000000000011100000000011111110000000111110000000000000000000000011111111111
1111111111100000000000000000000000011110000000001000000011100111110000000000000000000000011111111111
1111111111100000000000000000000000001110000000000001111111100111110000000000000000000000011111111111
1111111111100000000000000000000000001110000000011111111111100111100000000000000000000000011111111111
1111111111100000000000000000000000000111000000001111111111111111100000000000000000000000011111111111
1111111111100000000000000000000000000111001000000111111111111111100000000000000000000000011111111111
1111111111100000000000000000000000000011101000010111111111111111000000000000000000000000011111111111
1111111111100000000000000000000000000001111100001111111111111111001100000000000000000000011111111111
1111111111100000000000000000000000000000111100001111111111111110001100000000000000000000111111111111
1111111111110000000000000000000000000000001100001111111111111100011110000000000000000000111111111111
1111111111110000000000000000000000000000000000001111111111111000011110011000000000000000111111111111
1111111111110000000000000000000000000000000000011111111111110000111110011000000000000000111111111111
1111111111110000000000000000000000000000000000011111111101000001111110011000000111111111111111111111
1111111111110000000000000000000000000000000000001111111100000011111110011000000011111111111111111111
1111111111110000000000000000000000001100000000001111111100000111111110011100000011111111111111111111
1111111111110000000000000000000000001111000000000111111100001111111110111100000001111111111111111111
1111111111111000000000000000000000001111100000000011111000011111111110111100000001111111111111111111
1111111111111000000000000000000000001111111000000001111000000001111110111100000000111111111111111111
1111111111111000000000000000000000001111111110000000111000000001111100111100000000111111111111111111
1111111111111000000000000000000000000111111000000000000000000001111101111110000000111111111111111111
1111111111111000000000000000000000000111110000000000000000000001111101111110000000011111111111111111
1111111111111000000000000000000001100111110000000000000000000000111101111110000000011111111111111111
1111111111111000000000000000000001110011110000000000000000000001111101111110000000001111111111111111
1111111111111000000000000000000001110011110000000000000000001111111011111110000000001111111111111111
1111111111111100000000000000000001111001111000000000000011000111111011111110000000000111111111111111
1111111111111100000111100000000001111001111001110010000011110011111111111111000000000111111111111111
1111111111111100011111110000000001111100111111101110000001111001111111111111000000000011111111111111
1111111111111101111111110000000001111110111111101110000001111110111111111111000000000011111111111111
1111111111111111111111110000000001111110011111011100000000111111111111111111000000000011111111111111
1111111111111111111111100000000001111111001111111100000000111111111111111111000000000011111111111111
1111111111111111111111100000000001111111100111111000010000111111111111100000000000000111111111111111
1111111111111111111111100000000001111111110111111000010000011100000000000000011100000111111111111111
1111111111111111111111100000000001111111111111110000000000000000001000011100011100000111111111111111
1111111111111111111111000000000001111111111111000000000000000000011100011100011100000111111111111111
1111111111111111111111000000000000111111100000000000000000000000011100011100011100000111111111111111
1111111111111111111111000000000000000000000000000000000000000000011100011110011110000111111111111111
1111111111111111111111000000000000000000000000000000000000000000011100001110001110001111111111111111
1111111111111111111110000000000000000000000000000000000000000000011110001110001110001111111111111111
1111111111111111111110000000000000000000000000000000000000000000011110001110001110001111111111111111
1111111111111111111110000000000000000000000000000000000000000000001110001110001111001111111111111111
1111111111111111111110000000000000000000000000000000000000000000001110001111000111001111111111111111
1111111111111111111100000000000000000000000000000000000000000000001110000111000111001111111111111111
1111111111111111111100000000000000000000000000000000000000000000001110000111000111001111111111111111
1111111111111111111111111111111111111111111111111111111111111111111111111111111111111111111111111111
1111111111111111111111111111111111111111111111111111111111111111111111111111111111111111111111111111
1111111111111111111111111111111111111111111111111111111111111111111111111111111111111111111111111111
